asd 2634 27 5 2020
asd 6831 27 5 2020
asd 6571 27 5 2020
asd 8940 27 5 2020
Marek 4611 28 5 2020
asfd 3760 28 5 2020
asf 1385 28 5 2020
sdf 2609 28 5 2020
gfg 5145 28 5 2020
dhys 3712 28 5 2020
daf 4182 28 5 2020
asf 9410 28 5 2020
dsydfs 6480 28 5 2020
gdf 2023 28 5 2020
hfg 10681 28 5 2020
ujfg 4117 28 5 2020
ujfg 4117 28 5 2020

Parys 1 28 5 2020
Marek 0 28 5 2020
Marek 0 28 5 2020
maa 1 28 5 2020
Marek 0 28 5 2020
asASD 0 28 5 2020
Marek 0 28 5 2020
Marek 0 28 5 2020
Marek 0 28 5 2020
Marek 0 28 5 2020
Marek 0 28 5 2020
Marek 0 28 5 2020
marcin 0 28 5 2020
Marcin 1000000 28 5 2020
